# Game Level Exporter v1.0
MESH
Cube_Grass_Single
<Matrix 4x4 ( 0.3905,  0.0000,  0.0000, 0.0000)
            ( 0.0000,  0.0000,  0.3905, 0.0000)
            ( 0.0000, -0.3905,  0.0000, 0.0000)
            (-0.6806, -0.6095, -0.6806, 1.0000)>
MESH
Cube_Grass_Single
<Matrix 4x4 ( 0.3905,  0.0000, 0.0000, 0.0000)
            ( 0.0000,  0.0000, 0.3905, 0.0000)
            ( 0.0000, -0.3905, 0.0000, 0.0000)
            (-0.6806, -0.6095, 0.1688, 1.0000)>
MESH
Cube_Grass_Single
<Matrix 4x4 (0.3905,  0.0000,  0.0000, 0.0000)
            (0.0000,  0.0000,  0.3905, 0.0000)
            (0.0000, -0.3905,  0.0000, 0.0000)
            (0.1830, -0.6095, -0.6806, 1.0000)>
MESH
Cube_Grass_Single
<Matrix 4x4 (0.3905,  0.0000, 0.0000, 0.0000)
            (0.0000,  0.0000, 0.3905, 0.0000)
            (0.0000, -0.3905, 0.0000, 0.0000)
            (0.1830, -0.6095, 0.1688, 1.0000)>
MESH
RockPlatforms_3
<Matrix 4x4 ( 0.1658,  0.0000,  0.0000, 0.0000)
            ( 0.0000,  0.0000,  0.1658, 0.0000)
            ( 0.0000, -0.1658,  0.0000, 0.0000)
            (-0.2963, -0.3312, -0.4633, 1.0000)>
MESH
Cube_Grass_Single
<Matrix 4x4 (0.3905,  0.0000,  0.0000, 0.0000)
            (0.0000,  0.0000,  0.3905, 0.0000)
            (0.0000, -0.3905,  0.0000, 0.0000)
            (1.0260, -0.6095, -0.6806, 1.0000)>
MESH
Cube_Grass_Single
<Matrix 4x4 (0.3905,  0.0000, 0.0000, 0.0000)
            (0.0000,  0.0000, 0.3905, 0.0000)
            (0.0000, -0.3905, 0.0000, 0.0000)
            (1.0260, -0.6095, 0.1688, 1.0000)>
MESH
Cube_Grass_Single
<Matrix 4x4 (0.3905,  0.0000, 0.0000, 0.0000)
            (0.0000,  0.0000, 0.3905, 0.0000)
            (0.0000, -0.3905, 0.0000, 0.0000)
            (1.8895, -0.6095, 0.1688, 1.0000)>
MESH
Cube_Grass_Single
<Matrix 4x4 (0.3905,  0.0000,  0.0000, 0.0000)
            (0.0000,  0.0000,  0.3905, 0.0000)
            (0.0000, -0.3905,  0.0000, 0.0000)
            (1.8895, -0.6095, -0.6806, 1.0000)>
MESH
Cube_Grass_Single
<Matrix 4x4 ( 0.3905,  0.0000, 0.0000, 0.0000)
            ( 0.0000,  0.0000, 0.3905, 0.0000)
            ( 0.0000, -0.3905, 0.0000, 0.0000)
            (-0.6806, -0.6095, 1.0539, 1.0000)>
MESH
Cube_Grass_Single
<Matrix 4x4 ( 0.3905,  0.0000, 0.0000, 0.0000)
            ( 0.0000,  0.0000, 0.3905, 0.0000)
            ( 0.0000, -0.3905, 0.0000, 0.0000)
            (-0.6806, -0.6095, 1.9033, 1.0000)>
MESH
Cube_Grass_Single
<Matrix 4x4 (0.3905,  0.0000, 0.0000, 0.0000)
            (0.0000,  0.0000, 0.3905, 0.0000)
            (0.0000, -0.3905, 0.0000, 0.0000)
            (0.1830, -0.6095, 1.9033, 1.0000)>
MESH
Cube_Grass_Single
<Matrix 4x4 (0.3905,  0.0000, 0.0000, 0.0000)
            (0.0000,  0.0000, 0.3905, 0.0000)
            (0.0000, -0.3905, 0.0000, 0.0000)
            (0.1830, -0.6095, 1.0539, 1.0000)>
MESH
Cube_Grass_Single
<Matrix 4x4 (0.3905,  0.0000, 0.0000, 0.0000)
            (0.0000,  0.0000, 0.3905, 0.0000)
            (0.0000, -0.3905, 0.0000, 0.0000)
            (1.8895, -0.6095, 1.0539, 1.0000)>
MESH
Cube_Grass_Single
<Matrix 4x4 (0.3905,  0.0000, 0.0000, 0.0000)
            (0.0000,  0.0000, 0.3905, 0.0000)
            (0.0000, -0.3905, 0.0000, 0.0000)
            (1.8895, -0.6095, 1.9033, 1.0000)>
MESH
Cube_Grass_Single
<Matrix 4x4 (0.3905,  0.0000, 0.0000, 0.0000)
            (0.0000,  0.0000, 0.3905, 0.0000)
            (0.0000, -0.3905, 0.0000, 0.0000)
            (1.0260, -0.6095, 1.9033, 1.0000)>
MESH
Cube_Grass_Single
<Matrix 4x4 (0.3905,  0.0000, 0.0000, 0.0000)
            (0.0000,  0.0000, 0.3905, 0.0000)
            (0.0000, -0.3905, 0.0000, 0.0000)
            (1.0260, -0.6095, 1.0539, 1.0000)>
MESH
Cube_Grass_Single
<Matrix 4x4 (0.3905,  0.0000, 0.0000, 0.0000)
            (0.0000,  0.0000, 0.3905, 0.0000)
            (0.0000, -0.3905, 0.0000, 0.0000)
            (1.0260,  0.1649, 1.0539, 1.0000)>
MESH
Cube_Grass_Single
<Matrix 4x4 (0.3905,  0.0000, 0.0000, 0.0000)
            (0.0000,  0.0000, 0.3905, 0.0000)
            (0.0000, -0.3905, 0.0000, 0.0000)
            (0.1830,  0.1649, 1.0539, 1.0000)>
MESH
RockPlatforms_3
<Matrix 4x4 (-0.1336,  0.0000, -0.0981, 0.0000)
            ( 0.0981,  0.0000, -0.1336, 0.0000)
            ( 0.0000, -0.1658,  0.0000, 0.0000)
            ( 0.5634, -0.3312,  0.4488, 1.0000)>
MESH
Cube_Grass_Single
<Matrix 4x4 ( 0.3905,  0.0000,  0.0000, 0.0000)
            ( 0.0000,  0.0000,  0.3905, 0.0000)
            ( 0.0000, -0.3905,  0.0000, 0.0000)
            (-0.6806, -0.6095, -1.5132, 1.0000)>
MESH
Cube_Grass_Single
<Matrix 4x4 (0.3905,  0.0000,  0.0000, 0.0000)
            (0.0000,  0.0000,  0.3905, 0.0000)
            (0.0000, -0.3905,  0.0000, 0.0000)
            (0.1830, -0.6095, -1.5132, 1.0000)>
MESH
Cube_Grass_Single
<Matrix 4x4 (0.3905,  0.0000,  0.0000, 0.0000)
            (0.0000,  0.0000,  0.3905, 0.0000)
            (0.0000, -0.3905,  0.0000, 0.0000)
            (1.8895, -0.6095, -1.5132, 1.0000)>
MESH
Cube_Grass_Single
<Matrix 4x4 (0.3905,  0.0000,  0.0000, 0.0000)
            (0.0000,  0.0000,  0.3905, 0.0000)
            (0.0000, -0.3905,  0.0000, 0.0000)
            (1.0260, -0.6095, -1.5132, 1.0000)>
MESH
Cube_Grass_Single
<Matrix 4x4 (0.3905,  0.0000,  0.0000, 0.0000)
            (0.0000,  0.0000,  0.3905, 0.0000)
            (0.0000, -0.3905,  0.0000, 0.0000)
            (2.7249, -0.6095, -0.6806, 1.0000)>
MESH
Cube_Grass_Single
<Matrix 4x4 (0.3905,  0.0000,  0.0000, 0.0000)
            (0.0000,  0.0000,  0.3905, 0.0000)
            (0.0000, -0.3905,  0.0000, 0.0000)
            (2.7249, -0.6095, -1.5132, 1.0000)>
