# Game Level Exporter v1.0
MESH
Cube_Grass_Single
<Matrix 4x4 ( 0.3905,  0.0000,  0.0000, 0.0000)
            ( 0.0000,  0.0000,  0.3905, 0.0000)
            ( 0.0000, -0.3905,  0.0000, 0.0000)
            (-0.6806, -0.6095, -0.6806, 1.0000)>
MESH
Cube_Grass_Single.001
<Matrix 4x4 ( 0.3905,  0.0000, 0.0000, 0.0000)
            ( 0.0000,  0.0000, 0.3905, 0.0000)
            ( 0.0000, -0.3905, 0.0000, 0.0000)
            (-0.6806, -0.6095, 0.1688, 1.0000)>
MESH
Cube_Grass_Single.003
<Matrix 4x4 (0.3905,  0.0000,  0.0000, 0.0000)
            (0.0000,  0.0000,  0.3905, 0.0000)
            (0.0000, -0.3905,  0.0000, 0.0000)
            (0.1830, -0.6095, -0.6806, 1.0000)>
MESH
Cube_Grass_Single.002
<Matrix 4x4 (0.3905,  0.0000, 0.0000, 0.0000)
            (0.0000,  0.0000, 0.3905, 0.0000)
            (0.0000, -0.3905, 0.0000, 0.0000)
            (0.1830, -0.6095, 0.1688, 1.0000)>
MESH
RockPlatforms_3
<Matrix 4x4 ( 0.1658,  0.0000,  0.0000, 0.0000)
            ( 0.0000,  0.0000,  0.1658, 0.0000)
            ( 0.0000, -0.1658,  0.0000, 0.0000)
            (-0.2963, -0.3312, -0.4633, 1.0000)>
MESH
Cube_Grass_Single.007
<Matrix 4x4 (0.3905,  0.0000,  0.0000, 0.0000)
            (0.0000,  0.0000,  0.3905, 0.0000)
            (0.0000, -0.3905,  0.0000, 0.0000)
            (1.0260, -0.6095, -0.6806, 1.0000)>
MESH
Cube_Grass_Single.006
<Matrix 4x4 (0.3905,  0.0000, 0.0000, 0.0000)
            (0.0000,  0.0000, 0.3905, 0.0000)
            (0.0000, -0.3905, 0.0000, 0.0000)
            (1.0260, -0.6095, 0.1688, 1.0000)>
MESH
Cube_Grass_Single.005
<Matrix 4x4 (0.3905,  0.0000, 0.0000, 0.0000)
            (0.0000,  0.0000, 0.3905, 0.0000)
            (0.0000, -0.3905, 0.0000, 0.0000)
            (1.8895, -0.6095, 0.1688, 1.0000)>
MESH
Cube_Grass_Single.004
<Matrix 4x4 (0.3905,  0.0000,  0.0000, 0.0000)
            (0.0000,  0.0000,  0.3905, 0.0000)
            (0.0000, -0.3905,  0.0000, 0.0000)
            (1.8895, -0.6095, -0.6806, 1.0000)>
MESH
Cube_Grass_Single.015
<Matrix 4x4 ( 0.3905,  0.0000, 0.0000, 0.0000)
            ( 0.0000,  0.0000, 0.3905, 0.0000)
            ( 0.0000, -0.3905, 0.0000, 0.0000)
            (-0.6806, -0.6095, 1.0539, 1.0000)>
MESH
Cube_Grass_Single.014
<Matrix 4x4 ( 0.3905,  0.0000, 0.0000, 0.0000)
            ( 0.0000,  0.0000, 0.3905, 0.0000)
            ( 0.0000, -0.3905, 0.0000, 0.0000)
            (-0.6806, -0.6095, 1.9033, 1.0000)>
MESH
Cube_Grass_Single.013
<Matrix 4x4 (0.3905,  0.0000, 0.0000, 0.0000)
            (0.0000,  0.0000, 0.3905, 0.0000)
            (0.0000, -0.3905, 0.0000, 0.0000)
            (0.1830, -0.6095, 1.9033, 1.0000)>
MESH
Cube_Grass_Single.012
<Matrix 4x4 (0.3905,  0.0000, 0.0000, 0.0000)
            (0.0000,  0.0000, 0.3905, 0.0000)
            (0.0000, -0.3905, 0.0000, 0.0000)
            (0.1830, -0.6095, 1.0539, 1.0000)>
MESH
Cube_Grass_Single.011
<Matrix 4x4 (0.3905,  0.0000, 0.0000, 0.0000)
            (0.0000,  0.0000, 0.3905, 0.0000)
            (0.0000, -0.3905, 0.0000, 0.0000)
            (1.8895, -0.6095, 1.0539, 1.0000)>
MESH
Cube_Grass_Single.010
<Matrix 4x4 (0.3905,  0.0000, 0.0000, 0.0000)
            (0.0000,  0.0000, 0.3905, 0.0000)
            (0.0000, -0.3905, 0.0000, 0.0000)
            (1.8895, -0.6095, 1.9033, 1.0000)>
MESH
Cube_Grass_Single.009
<Matrix 4x4 (0.3905,  0.0000, 0.0000, 0.0000)
            (0.0000,  0.0000, 0.3905, 0.0000)
            (0.0000, -0.3905, 0.0000, 0.0000)
            (1.0260, -0.6095, 1.9033, 1.0000)>
MESH
Cube_Grass_Single.008
<Matrix 4x4 (0.3905,  0.0000, 0.0000, 0.0000)
            (0.0000,  0.0000, 0.3905, 0.0000)
            (0.0000, -0.3905, 0.0000, 0.0000)
            (1.0260, -0.6095, 1.0539, 1.0000)>
MESH
Cube_Grass_Single.017
<Matrix 4x4 (0.3905,  0.0000, 0.0000, 0.0000)
            (0.0000,  0.0000, 0.3905, 0.0000)
            (0.0000, -0.3905, 0.0000, 0.0000)
            (1.0260,  0.1649, 1.0539, 1.0000)>
MESH
Cube_Grass_Single.016
<Matrix 4x4 (0.3905,  0.0000, 0.0000, 0.0000)
            (0.0000,  0.0000, 0.3905, 0.0000)
            (0.0000, -0.3905, 0.0000, 0.0000)
            (0.1830,  0.1649, 1.0539, 1.0000)>
MESH
RockPlatforms_3.001
<Matrix 4x4 (-0.1336,  0.0000, -0.0981, 0.0000)
            ( 0.0981,  0.0000, -0.1336, 0.0000)
            ( 0.0000, -0.1658,  0.0000, 0.0000)
            ( 0.5634, -0.3312,  0.4488, 1.0000)>
MESH
Cube_Grass_Single.021
<Matrix 4x4 ( 0.3905,  0.0000,  0.0000, 0.0000)
            ( 0.0000,  0.0000,  0.3905, 0.0000)
            ( 0.0000, -0.3905,  0.0000, 0.0000)
            (-0.6806, -0.6095, -1.5132, 1.0000)>
MESH
Cube_Grass_Single.020
<Matrix 4x4 (0.3905,  0.0000,  0.0000, 0.0000)
            (0.0000,  0.0000,  0.3905, 0.0000)
            (0.0000, -0.3905,  0.0000, 0.0000)
            (0.1830, -0.6095, -1.5132, 1.0000)>
MESH
Cube_Grass_Single.019
<Matrix 4x4 (0.3905,  0.0000,  0.0000, 0.0000)
            (0.0000,  0.0000,  0.3905, 0.0000)
            (0.0000, -0.3905,  0.0000, 0.0000)
            (1.8895, -0.6095, -1.5132, 1.0000)>
MESH
Cube_Grass_Single.018
<Matrix 4x4 (0.3905,  0.0000,  0.0000, 0.0000)
            (0.0000,  0.0000,  0.3905, 0.0000)
            (0.0000, -0.3905,  0.0000, 0.0000)
            (1.0260, -0.6095, -1.5132, 1.0000)>
MESH
Cube_Grass_Single.023
<Matrix 4x4 (0.3905,  0.0000,  0.0000, 0.0000)
            (0.0000,  0.0000,  0.3905, 0.0000)
            (0.0000, -0.3905,  0.0000, 0.0000)
            (2.7249, -0.6095, -0.6806, 1.0000)>
MESH
Cube_Grass_Single.022
<Matrix 4x4 (0.3905,  0.0000,  0.0000, 0.0000)
            (0.0000,  0.0000,  0.3905, 0.0000)
            (0.0000, -0.3905,  0.0000, 0.0000)
            (2.7249, -0.6095, -1.5132, 1.0000)>
